Matrix L:
           1            0            0            0 
   -0.111111            1            0            0 
   -0.111111          0.5            1            0 
    0.222222         -0.5     0.446809            1 

Matrix U:
          -9            9            5            3 
           0           -4     -6.44444      1.33333 
           0            0     -5.22222     -4.33333 
           0            0            0      2.93617 

SLAE solution:
           2 
           4 
           7 
          -8 

Determinant: 552

Inverse matrix:
   0.0289855   -0.0326087     0.525362    -0.228261 
  0.00724638    0.0543478     0.568841    -0.119565 
   -0.108696   -0.0652174    -0.282609    0.0434783 
    0.246377    -0.152174      0.34058   -0.0652174 

Check:
           1            0 -1.66533e-16 -4.16334e-17 
           0            1 -2.22045e-16  5.55112e-17 
 5.55112e-17 -5.55112e-17            1  1.38778e-17 
           0            0  2.22045e-16            1 

