SLAE solution:
           4 
           4 
          -8 
          -1 
          -1 

Check (A * X = B):
          15            8            0            0            0 
           2          -15            4            0            0 
           0            4           11            5            0 
           0            0           -3           16           -7 
           0            0            0            3            8 
*
           4 
           4 
          -8 
          -1 
          -1 
=
          92 
         -84 
         -77 
          15 
         -11 

